0.0 0.0 0.0 0.0 0.0 
1.0 0.069136077244537 0.0964961297949522 0.069136077244537 0.0964961297949522 
2.0 0.08731877003972338 0.11507941654111915 0.07142206975048564 0.11507941654111915 
3.0 0.10020778332746744 0.1303568924258101 0.0737016193163041 0.1303568924258101 
4.0 0.11089493582353065 0.1437305678053674 0.07597505195420055 0.1437305678053674 
5.0 0.120297368748895 0.15581590170841034 0.07824266578566912 0.15581590170841034 
6.0 0.1288326480740222 0.1669490221013933 0.08050473428435707 0.1669490221013933 
7.0 0.136731854101879 0.17733788162623215 0.08276150904882956 0.17733788162623215 
8.0 0.14413853041291871 0.18712208245736167 0.08501322218600331 0.18712208245736167 
9.0 0.1511489990721834 0.196400928709855 0.08726008837009928 0.196400928709855 
10.0 0.1578315796009803 0.20524818341914228 0.0895023066295731 0.20524818341914228 
11.0 0.16423680001643554 0.21372051024980282 0.09174006190473755 0.21372051024980282 
12.0 0.17040327322140744 0.22186262224145517 0.09397352641107853 0.22186262224145517 
13.0 0.17636129359124714 0.22971058553285123 0.09620286083712476 0.22971058553285123 
14.0 0.18213514879177314 0.23729402839703678 0.09842821540078522 0.23729402839703678 
15.0 0.1877446663981995 0.24463766965782813 0.10064973078409828 0.24463766965782813 
16.0 0.19320628360566397 0.2517624071034089 0.10286753896308692 0.2517624071034089 
17.0 0.19853380820908714 0.25868611189588125 0.10508176394677077 0.25868611189588125 
18.0 0.20373897317545162 0.26542422088140355 0.1072925224372175 0.26542422088140355 
19.0 0.20883184933708282 0.2719901865146225 0.10949992442071793 0.2719901865146225 
20.0 0.21382115817936312 0.2783958242799075 0.11170407369867548 0.2783958242799075 
21.0 0.21871451277245085 0.2846515849000194 0.11390506836557439 0.2846515849000194 
22.0 0.2235186060427536 0.290766770411823 0.11610300124033486 0.290766770411823 
23.0 0.22823935980096674 0.2967497077061795 0.11829796025650757 0.2967497077061795 
24.0 0.23288204408284158 0.3026078893902745 0.12049002881600562 0.3026078893902745 
25.0 0.23745137372551986 0.3083480892318321 0.12267928611046958 0.3083480892318321 
26.0 0.24195158727206909 0.31397645760691356 0.124865807413809 0.31397645760691356 
27.0 0.24638651200308762 0.3194986010529356 0.12704966434902806 0.31944597363232197 
28.0 0.25075961796541185 0.32491964906665316 0.12923092513204573 0.32300200814487534 
29.0 0.2550740631916629 0.3302443105767253 0.13140965479489625 0.3265213093488702 
30.0 0.25933273180550015 0.3354769219898318 0.1335859153904005 0.33000528631420784 
31.0 0.2635382663350566 0.3406214883083554 0.13575976618016078 0.3334552794762814 
32.0 0.26769309527595786 0.34568171851151386 0.13793126380751106 0.33687256561662327 
33.0 0.27179945673099387 0.3506610561558724 0.1401004624568684 0.3402583623989369 
34.0 0.27585941878852943 0.3555627059676402 0.14226741400077833 0.3436138325086036 
35.0 0.27987489717358865 0.3603896570552373 0.14443216813578816 0.3469400874377161 
36.0 0.2838476706051981 0.365144703256851 0.146594772508181 0.35023819095252723 
37.0 0.2877793942143768 0.36983046104713263 0.1487552728304728 0.35350916227574963 
38.0 0.2916716113141965 0.37444938535455724 0.15091371298949402 0.3567539790123065 
39.0 0.29552576376294043 0.37900378358238423 0.1530701351467863 0.35997357984380735 
40.0 0.2993432011207885 0.3834958280785733 0.15522457983197663 0.3631688670141436 
41.0 0.30312518876754957 0.38792756726116456 0.15737708602971529 0.3663399690024263 
42.0 0.30687291512213716 0.3923009355737416 0.1595276912607159 0.3694869905300292 
43.0 0.3105874980824962 0.39661776241925933 0.16167643165738185 0.3726120229015161 
44.0 0.31426999078657436 0.4008797801986962 0.16382334203445006 0.3757158508380031 
45.0 0.317921386779935 0.405088631562789 0.1659684559550542 0.37879741789953675 
46.0 0.3215426246631302 0.4092458759698846 0.16811180579255985 0.3818581231599472 
47.0 0.3251345922815364 0.41335299563013994 0.17025342278850472 0.3848996625971478 
48.0 0.32869813051160335 0.41741140090550216 0.17239333710693336 0.3879203821193879 
49.0 0.3322340366901052 0.4214224352257473 0.17453157788540236 0.39092216926462936 
50.0 0.3357430677267538 0.4253873795730735 0.1766681732829011 0.39390606568693143 
51.0 0.3392259429352407 0.429307456581103 0.17880315052491086 0.39687008318140793 
52.0 0.3426833466132798 0.43318383428846385 0.1809365359458127 0.3998179139469253 
53.0 0.3461159303983664 0.4370176295822338 0.1830683550288307 0.4027465726489753 
54.0 0.3495243154226701 0.44080991136232195 0.18519863244368198 0.40565957762981786 
55.0 0.35290909428764305 0.4445617034542266 0.18732739208209676 0.4085546557529512 
56.0 0.3562708328764738 0.4482739872944531 0.18945465709134898 0.4114345788879537 
57.0 0.35961007202040046 0.4519477044101353 0.19158044990593717 0.414297211877689 
58.0 0.36292732903305686 0.4555837587120185 0.1937047922775363 0.4171457181278172 
59.0 0.36622309912543 0.45918301861787103 0.19582770530333424 0.4199769922053774 
60.0 0.3694978567126123 0.4627463190215694 0.19794920945285893 0.42279489404903897 
61.0 0.37275205662231137 0.46627446312149273 0.2000693245933956 0.42559662931202674 
62.0 0.37598613521401536 0.46976822412045494 0.20218807001407937 0.42838459331911827 
63.0 0.37920051141677275 0.473228346808153 0.20430546444875156 0.43115864595854986 
64.0 0.3823955876927202 0.4766555490360166 0.20642152609765177 0.4339176546759221 
65.0 0.38557175093276197 0.48005052309336194 0.20853627264802005 0.4366641674640931 
66.0 0.3887293732901659 0.48341393699289503 0.21064972129367682 0.43939646043318764 
67.0 0.3918688129572641 0.4867464356728349 0.21276188875363972 0.44211530776495234 
68.0 0.3949904148899451 0.490048642122249 0.21487279128983214 0.44482212867017595 
69.0 0.3980945114841733 0.4933211584355747 0.21698244472394487 0.44751537775490025 
70.0 0.4011814232083712 0.4965645668017597 0.2190908644534914 0.45019575615848473 
71.0 0.40425145919513883 0.4997794304329656 0.22119806546711013 0.45286455365479583 
72.0 0.407304917795471 0.5029662944373325 0.22330406235915054 0.45552133590568566 
73.0 0.4103420870983442 0.5061256866399203 0.2254088693435888 0.45816485279858987 
74.0 0.41336324541828284 0.5092581183555762 0.2275125002673069 0.46079721229513076 
75.0 0.4163686617532977 0.5123640851171645 0.22961496862277234 0.463418524389791 
76.0 0.41935859621536486 0.5154440673623053 0.23171628756015167 0.46602816423406324 
77.0 0.4223333004354405 0.5184985310815089 0.23381646989888324 0.4686255951245079 
78.0 0.42529301794483254 0.5215279284303509 0.2359155281387463 0.4712123766937194 
79.0 0.42823798453459794 0.5245326983081292 0.23801347447044824 0.4737886123893337 
80.0 0.43116842859449467 0.5275132669052387 0.24011032078575484 0.4763544043488742 
81.0 0.4340845714329004 0.5304700482213348 0.2422060786871895 0.4789086108552235 
82.0 0.4369866275789883 0.5334034445561844 0.24430075949732313 0.4814521127785714 
83.0 0.4398748050683502 0.5363138469749666 0.24639437426767516 0.48398554152575024 
84.0 0.4427493057131654 0.5392016357496471 0.24848693378724604 0.4865089934292469 
85.0 0.4456103253579284 0.5420671807779297 0.2505784485906966 0.4890225636544018 
86.0 0.4484580541216695 0.5449108419811766 0.2526689289661971 0.49152634622197694 
87.0 0.4512926766275303 0.5477329696825889 0.2547583849629612 0.4940194379241188 
88.0 0.4541143722204951 0.5505339049668435 0.2568468263984715 0.4965026683047649 
89.0 0.4569233151740212 0.5533139800222966 0.25893426286542826 0.4989764532558613 
90.0 0.45971967488624454 0.5560735184667918 0.26102070373841507 0.5014408817427146 
91.0 0.4625036160664095 0.5588128356580262 0.2631061581803125 0.5038960417083304 
92.0 0.4652752989121044 0.5615322389893753 0.2651906351484586 0.5063420200927818 
93.0 0.4680348792778542 0.5642320281720071 0.2672741434005769 0.5087789028521602 
94.0 0.47078250883558315 0.5669124955040631 0.2693566915004785 0.511206774977119 
95.0 0.4735183352274194 0.5695739261276302 0.27143828782354495 0.5136257205110264 
96.0 0.4762425022112865 0.5722165982741836 0.2735189405620123 0.516035500011684 
97.0 0.47895514979969367 0.5748407834991305 0.2755986577300543 0.5184361928782609 
98.0 0.4816564143921091 0.577446746906047 0.2776774471686802 0.5208282667372811 
99.0 0.48434642890127744 0.580034747361165 0.27975531655045527 0.5232118014750377 
100.0 0.4870253228738159 0.5826050376986233 0.2818322733840472 0.5255868761295718 
101.0 0.4896932226054024 0.5851578649169723 0.2839083250186113 0.5279535689064221 
102.0 0.49235025125085163 0.5876934703673888 0.2859834786480168 0.5303119571940607 
103.0 0.49499652892935325 0.5902120899340267 0.2880577413149275 0.5326621175790219 
104.0 0.49763217282512684 0.5927139542069049 0.2901311199147326 0.5350041258607318 
105.0 0.5002572972837421 0.595199288647714 0.2922036211993483 0.5373380570660492 
106.0 0.5028720139043223 0.5976683137488936 0.2942752517808801 0.5396639854635219 
107.0 0.5054764316278512 0.6001212451863142 0.2963460181351626 0.54198198457737 
108.0 0.5080706568217784 0.6025582939658789 0.29841592660518057 0.5442921272012025 
109.0 0.510654793361113 0.6049796665643421 0.30048498340436913 0.5465944854114688 
110.0 0.5132289427061817 0.6073855650646235 0.30255319461980446 0.5488891305806635 
111.0 0.5157932039772175 0.6097761872858789 0.30462056621529005 0.5511761333902795 
112.0 0.5183476740259364 0.6121517269085786 0.30668710403433896 0.5534555638435219 
113.0 0.5208924475042446 0.6145123735948285 0.3087528138030545 0.5557274912777935 
114.0 0.5234276169302249 0.6168583131041502 0.31081770113292106 0.5579919843769429 
115.0 0.5259532727515223 0.619189727404936 0.31288177152350116 0.5602491111832981 
116.0 0.5284695034062582 0.6215067947817741 0.31494503036504706 0.5624989391094845 
117.0 0.5309763953815926 0.6238096899388264 0.3170074829410262 0.5647415349500288 
118.0 0.5334740332700348 0.6260985840994456 0.31906913443056595 0.5669769648927614 
119.0 0.5359624998236181 0.62837364510219 0.3211299899108243 0.5692052945300166 
120.0 0.5384418760060274 0.6306350374934003 0.32319005435927906 0.5714265888696421 
121.0 0.5409122410427812 0.6328829226164885 0.3252493326559519 0.5736402287293686 
122.0 0.5433736724695473 0.635117458698079 0.3273078295855588 0.5758469028288123 
123.0 0.5458262461786836 0.6373388009311396 0.3293655498395956 0.5780466822081938 
124.0 0.548270036464077 0.639547101555232 0.331422498018355 0.5802396299028306 
125.0 0.5507051160643605 0.6417425099339996 0.3334786786328904 0.5824258084066124 
126.0 0.5531315562045739 0.6439251726300128 0.3355340961069099 0.5846052796820634 
127.0 0.5555494266363404 0.646095233477081 0.33758875477861816 0.5867781051702372 
128.0 0.5579587956766208 0.6482528336501332 0.33964265890250445 0.5889443458004494 
129.0 0.5603597302451031 0.6503981117327718 0.34169581265106863 0.5911040619998543 
130.0 0.5627522959002931 0.6525312037825892 0.3437482201165055 0.5932573137028688 
131.0 0.5651365568743503 0.6546522433943412 0.345799885312332 0.5954041603604434 
132.0 0.5675125761067313 0.6567613617610614 0.3478508121749692 0.5975436432640217 
133.0 0.5698804152766809 0.6588586877331983 0.34990100456527784 0.5996765930469075 
134.0 0.5722401348346258 0.6609443478758537 0.35195046627004584 0.6018032647720221 
135.0 0.5745917940325093 0.6630184665241966 0.35399920100343724 0.6039237162172474 
136.0 0.5769354509531148 0.6650811658371248 0.35604721240839254 0.606038004713073 
137.0 0.5792711625384148 0.6671325658492354 0.35809450405799576 0.6081461871511292 
138.0 0.5815989846169854 0.6691727845211809 0.360141079456794 0.6102483199925949 
139.0 0.5839189719305261 0.6712019377884593 0.36218694204208973 0.6123444204917579 
140.0 0.5862311781595128 0.6732201396087055 0.3642320951851824 0.6144330502775958 
141.0 0.588535655948024 0.6752275020075382 0.3662765421925857 0.6165157500002165 
142.0 0.5908324569277721 0.6772241351230138 0.36832028630720753 0.6185925746033056 
143.0 0.5931216317413646 0.6792101472487407 0.37036333070949207 0.6206635786326254 
144.0 0.5954032300648282 0.6811856448757035 0.37240567851853446 0.622728816243783 
145.0 0.5976773006294276 0.6831507327328431 0.3744473327931636 0.6247883412098809 
146.0 0.5999438912427955 0.6851055138264358 0.37648829653299243 0.6268412493463423 
147.0 0.6022030488094072 0.6870500894783185 0.3785285726794384 0.6288876370567666 
148.0 0.604454819350423 0.6889845593629972 0.380568164116719 0.6309284247942956 
149.0 0.606699248022918 0.6909090215436816 0.38260707367281543 0.6329636649539864 
150.0 0.6089363791385245 0.6928235725072798 0.38464530412041287 0.6349934095778154 
151.0 0.6111662561815091 0.6947283071983926 0.38668285817781334 0.637017710361775 
152.0 0.6133889218262981 0.6966233190523412 0.3887197385098204 0.6390350180064648 
153.0 0.6156044179544824 0.6985087000272585 0.3907559477286061 0.6410464650747814 
154.0 0.6178127856713072 0.7003845406352822 0.39279148839454575 0.6430525755741584 
155.0 0.6200140653216759 0.7022509299728735 0.39482636301703755 0.6450533999275586 
156.0 0.6222082965056759 0.7041079557502956 0.3968605740552934 0.6470489882390401 
157.0 0.6243955180936506 0.7059557043202762 0.3988941239191116 0.6490381982092769 
158.0 0.6265757682408255 0.7077942607058875 0.40092701496962657 0.6510211451291674 
159.0 0.6287490844015122 0.7096237086276587 0.4029592495200397 0.6529989590887757 
160.0 0.6309155033428943 0.7114441305299591 0.40499082983632534 0.654971688996092 
161.0 0.6330750611584217 0.7132556076066653 0.4070217581379282 0.6569393834655156 
162.0 0.6352277932808112 0.71505821982614 0.40905203659842543 0.6589005025170311 
163.0 0.6373737344946823 0.7168520459555466 0.411081667346186 0.6608557563495913 
164.0 0.639512918948826 0.7186371635845138 0.4131106524650016 0.6628060738271454 
165.0 0.641645380168131 0.7204136491481781 0.41513899399470755 0.6647515024391599 
166.0 0.6437711510651665 0.722181577949621 0.4171666939317768 0.6666919774149879 
167.0 0.6458902639514423 0.7239410241817191 0.4191937542299099 0.6686251060602988 
168.0 0.6480027505483522 0.7256920609484239 0.42122017680059703 0.6705534419031839 
169.0 0.650108641997809 0.7274347602854951 0.42324596351367133 0.6724770313572802 
170.0 0.6522079688725849 0.7291691931806964 0.42527111619784747 0.6743959205828011 
171.0 0.6543007611863653 0.7308954295934754 0.4272956366412398 0.6763082695937789 
172.0 0.6563870484035188 0.7326135384741407 0.42931952659186673 0.6782150398123826 
173.0 0.6584668594486048 0.7343235877825541 0.4313427877581489 0.6801172021567432 
174.0 0.6605402227156132 0.7360256445063472 0.4333654218093802 0.6820148017727137 
175.0 0.6626071660769534 0.7377197746786839 0.4353874303761987 0.6839064563995977 
176.0 0.6646677168921951 0.7394060433955726 0.43740881505103324 0.6857920625778458 
177.0 0.6667219020165719 0.7410845148327534 0.4394295773885447 0.6876731955569021 
178.0 0.6687697478092525 0.7427552522621597 0.4414497189060508 0.6895498995101125 
179.0 0.6708112801413834 0.7444183180679769 0.44346924108393637 0.6914208249376776 
180.0 0.6728465244039195 0.7460737737623033 0.44548814536605846 0.6932856545555028 
181.0 0.6748755055152367 0.7477216800004292 0.4475064331601325 0.695146141921884 
182.0 0.6768982479285414 0.7493620965957383 0.4495241058381135 0.6970023302764408 
183.0 0.678914775639076 0.7509950825342527 0.45154116473655453 0.6988524834928638 
184.0 0.6809251121911354 0.7526206959888181 0.45355761115697224 0.7006969102132787 
185.0 0.6829292806848887 0.7542389943329532 0.45557344636618236 0.7025371220044611 
186.0 0.6849273037830186 0.7558500341543577 0.4575886715966363 0.7043731612080507 
187.0 0.6869192037171822 0.757453871268104 0.45960328804674455 0.7062024908710586 
188.0 0.6889050022942981 0.7590505607295068 0.461617296881187 0.7080268747919911 
189.0 0.6908847209026617 0.7606401568466898 0.46363069923121975 0.7098471675717597 
190.0 0.6928583805178972 0.7622227131928506 0.4656434961949639 0.7116631574859512 
191.0 0.6948260017087476 0.7637982826182367 0.46765568883768827 0.713471856976948 
192.0 0.6967876046427108 0.7653669172618371 0.4696672781920853 0.7152765448478123 
193.0 0.6987432090915198 0.7669286685627986 0.47167826525853573 0.7170772619124127 
194.0 0.7006928344364757 0.7684835872715727 0.47368865100535823 0.7188723240213973 
195.0 0.7026364996736373 0.7700317234608017 0.47569843636906095 0.7206615432726956 
196.0 0.7045742234188687 0.7715731265359476 0.4777076222545765 0.7224468686754344 
197.0 0.7065060239127464 0.7731078452456749 0.47971620953548866 0.7242283402241031 
198.0 0.7084319190253378 0.7746359276919894 0.4817241990542541 0.7260024001979396 
199.0 0.710351926260843 0.7761574213401415 0.48373159162241197 0.7277724631162922 
200.0 0.7122660627621128 0.7776723730282972 0.48573838802078656 0.7295387466104164 
201.0 0.7141743453150401 0.7791808289769867 0.48774458899968287 0.7312993400566392 
202.0 0.7160767903528296 0.7806828347983323 0.4897501952790722 0.7330542644515441 
203.0 0.7179734139601478 0.7821784355050608 0.4917552075487694 0.734805481977551 
204.0 0.719864231877159 0.7836676755193098 0.4937596264686056 0.7365525743153255 
205.0 0.7217492595034455 0.7851505986812283 0.49576345266859 0.7382924789190612 
206.0 0.7236285119018157 0.7866272482573775 0.49776668674906277 0.7400287473390715 
207.0 0.7255020038020076 0.7880976669489369 0.4997693292808446 0.7417614175289957 
208.0 0.7273697496042817 0.7895618968997231 0.5017713808053754 0.7434872997082073 
209.0 0.7292317633829116 0.7910199797040186 0.5037728418348456 0.7452087306383477 
210.0 0.7310880588895751 0.7924719564142206 0.505773712852326 0.7469266315390368 
211.0 0.7329386495566391 0.7939178675483138 0.5077739943118769 0.748638906874621 
212.0 0.7347835485003542 0.7953577530971673 0.5097736866386636 0.750345606656352 
213.0 0.7366227685239503 0.7967916525316624 0.5117727902290612 0.7520488427422951 
214.0 0.738456322120636 0.7982196048096535 0.5137713054507456 0.7537474672392361 
215.0 0.7402842214765123 0.7996416483827675 0.5157692326427858 0.7554395369035021 
216.0 0.7421064784733885 0.8010578212030438 0.5177665721157252 0.7571282073330924 
217.0 0.743923104691516 0.8024681607294162 0.5197633241516548 0.758813134271135 
218.0 0.7457341114122321 0.8038727039340442 0.5217594890042826 0.7604906694951402 
219.0 0.7475395096205195 0.8052714873084952 0.5237550668989964 0.7621648680643649 
220.0 0.7493393100074796 0.8066645468697768 0.5257500580329129 0.7638357653501788 
221.0 0.7511335229727293 0.8080519181662283 0.5277444625749308 0.765499139010183 
222.0 0.7529221586267097 0.8094336362832703 0.5297382806657671 0.7671589540986063 
223.0 0.7547052267929213 0.8108097358490145 0.5317315124179938 0.7688155279801746 
224.0 0.7564827370100771 0.8121802510397405 0.5337241579160634 0.7704650663324506 
225.0 0.7582546985341792 0.813545215585237 0.5357162172163271 0.7721105808412323 
226.0 0.7600211203405233 0.8149046627740133 0.5377076903470536 0.7737529123083761 
227.0 0.761782011125623 0.8162586254583822 0.5396985773084307 0.7753885584741381 
228.0 0.7635373793090651 0.8176071360594165 0.5416888780725696 0.7770198497558064 
229.0 0.7652872330352878 0.8189502265717817 0.5436785925834928 0.7786480142296237 
230.0 0.7670315801752942 0.8202879285684453 0.5456677207571274 0.7802697083808453 
231.0 0.7687704283282879 0.8216202732052701 0.5476562624812805 0.7818868481605186 
232.0 0.7705037848232432 0.8229472912254838 0.5496442176156132 0.7835009154109942 
233.0 0.7722316567204065 0.8242690129640373 0.5516315859916071 0.7851085947175479 
234.0 0.7739540508127271 0.8255854683518475 0.5536183674125232 0.7867116490052763 
235.0 0.7756709736272255 0.8268966869199236 0.5556045616533578 0.7883116830598612 
236.0 0.7773824314262897 0.8282026978033883 0.5575901684607837 0.789905281634837 
237.0 0.7790884302089102 0.8295035297453872 0.559575187553093 0.7914943106287112 
238.0 0.7807889757118487 0.8307992111008872 0.5615596186201264 0.7930803696715052 
239.0 0.7824840734107423 0.832089769840374 0.5635434613232023 0.7946598185147145 
240.0 0.7841737285211429 0.8333752335534399 0.5655267152950307 0.7962348764943573 
241.0 0.7858579459994967 0.8346556294522703 0.5675093801396286 0.7978070127554974 
242.0 0.787536730544056 0.8359309843750276 0.5694914554322197 0.799372239695184 
243.0 0.7892100865957346 0.8372013247891326 0.5714729407191341 0.8009333749052104 
244.0 0.7908780183388988 0.8384666767944456 0.5734538355177009 0.8024916345400429 
245.0 0.7925405297020939 0.8397270661263521 0.5754341393161247 0.8040425641728206 
246.0 0.7941976243587163 0.8409825181587436 0.5774138515733644 0.80558981869583 
247.0 0.7958493057276214 0.8422330579069086 0.5793929717190023 0.8071342416534091 
248.0 0.79749557697367 0.8434787100303223 0.5813714991531008 0.808670795282461 
249.0 0.7991364410082199 0.8447194988353421 0.5833494332460597 0.8102042049010864 
250.0 0.8007719004895515 0.8459554482778116 0.5853267733384584 0.8117345479518526 
251.0 0.802401957823239 0.8471865819655651 0.5873035187408938 0.8132569203530969 
252.0 0.8040266151624603 0.8484129231608445 0.5892796687338115 0.8147765144006057 
253.0 0.8056458744082488 0.8496344947826187 0.5912552225673262 0.8162923688245621 
254.0 0.8072597372096845 0.8508513194088166 0.5932301794610363 0.817800910339007 
255.0 0.8088682049640292 0.8520634192784629 0.5952045386038293 0.8193067115379125 
256.0 0.8104712788168011 0.8532708162937257 0.5971782991536798 0.8208079905244927 
257.0 0.8120689596617903 0.8544735320218753 0.5991514602374376 0.8223027194251007 
258.0 0.8136612481410177 0.8556715876971471 0.6011240209506097 0.823794743713207 
259.0 0.8152481446446338 0.8568650042225227 0.6030959803571305 0.8252813569498717 
260.0 0.8168296493107582 0.8580538021714119 0.6050673374891263 0.8267622846054027 
261.0 0.8184057620252634 0.8592380017892531 0.6070380913466699 0.8282405409486711 
262.0 0.8199764824214961 0.8604176229950201 0.6090082408975255 0.8297123945535981 
263.0 0.8215418098799409 0.8615926853826404 0.6109777850768843 0.8311795252335417 
264.0 0.8231017435278256 0.8627632082223237 0.6129467227870914 0.8326440154251202 
265.0 0.8246562822386676 0.8639292104618035 0.614915052897365 0.8341010118787655 
266.0 0.826205424631757 0.8650907107274848 0.6168827742435012 0.8355543425440605 
267.0 0.8277491690715845 0.8662477273255069 0.6188498856275723 0.8370049688566865 
268.0 0.8292875136672068 0.867400278242715 0.6208163858176153 0.8384470990644828 
269.0 0.8308204562715517 0.8685483811475373 0.6227822735473091 0.8398866191433068 
270.0 0.8323479944806624 0.8696920533907797 0.6247475475156413 0.841322249855396 
271.0 0.8338701256328804 0.8708313120063239 0.6267122063865619 0.8427505273207408 
272.0 0.835386846807969 0.8719661737117355 0.6286762487886335 0.8441762184686047 
273.0 0.8368981548261701 0.8730966549087831 0.6306396733146612 0.8455967472279509 
274.0 0.8384040462472032 0.8742227716838608 0.6326024785213167 0.8470111483710286 
275.0 0.8399045173691982 0.8753445398083218 0.6345646629287494 0.8484229842143745 
276.0 0.8413995642275673 0.8764619747387169 0.6365262250201865 0.8498283008187707 
277.0 0.8428891825938093 0.8775750916169385 0.6384871632415187 0.8512287938613521 
278.0 0.8443733679742513 0.8786839052702705 0.6404474760008764 0.8526267397237962 
279.0 0.8458521156087259 0.8797884302113419 0.6424071616681895 0.8540167300529571 
280.0 0.8473254204691792 0.8808886806379834 0.6443662185747394 0.8554032747342685 
281.0 0.8487932772582149 0.8819846704329866 0.646324645012692 0.8567867471547116 
282.0 0.8502556804075686 0.8830764131637643 0.6482824392346218 0.8581618332926981 
283.0 0.8517126240765159 0.8841639220819109 0.65023959945302 0.8595343805665229 
284.0 0.8531641021502082 0.8852472101226607 0.6521961238397866 0.8609023664473199 
285.0 0.8546101082379417 0.8863262899042462 0.654152010525711 0.8622633871567947 
286.0 0.8560506356713532 0.8874011737271494 0.6561072575999372 0.8636218788688281 
287.0 0.8574856775025449 0.8884718735732492 0.6580618631094103 0.8649742547893651 
288.0 0.8589152265021359 0.8895384011048638 0.6600158250583112 0.866321145801903 
289.0 0.8603392751572402 0.8906007676636818 0.6619691414074749 0.8676655143463322 
290.0 0.8617578156693683 0.8916589842695849 0.6639218100737874 0.8690021527903362 
291.0 0.8631708399522552 0.8927130616193586 0.6658738289295715 0.8703348401640663 
292.0 0.8645783396296084 0.8937630100852892 0.6678251958019519 0.8716648434729956 
293.0 0.8659803060327801 0.8948088397136459 0.669775908472203 0.8729857774178302 
294.0 0.8673767301983563 0.8958505602230431 0.671725964675078 0.8743041771591412 
295.0 0.8687676028656693 0.8968881810026852 0.6736753620981188 0.875618266322751 
296.0 0.8701529144742238 0.8979217111104901 0.6756240983809488 0.8769248211791243 
297.0 0.8715326551610424 0.8989511592710848 0.6775721711145419 0.8782288388407442 
298.0 0.8729068147579238 0.8999765338736778 0.6795195778404723 0.8795268769280523 
299.0 0.8742753827886157 0.9009978429698009 0.6814663160501451 0.8808189512601635 
300.0 0.8756383484658996 0.9020150942709199 0.6834123831840017 0.8821084815144113 
301.0 0.8769957006885856 0.9030282951459088 0.6853577766307056 0.8833903274018722 
302.0 0.8783474280384157 0.9040374526183883 0.6873024937263028 0.8846678086207942 
303.0 0.8796935187768762 0.9050425733639247 0.6892465317533615 0.885942734806754 
304.0 0.8810339608419109 0.9060436637070816 0.6911898879400824 0.887208243149965 
305.0 0.8823687418445438 0.9070407296183289 0.6931325594593892 0.8884710070451992 
306.0 0.8836978490653988 0.9080337767107988 0.6950745434279884 0.889729714751102 
307.0 0.885021269451122 0.9090228102368901 0.6970158369054057 0.8909802219037779 
308.0 0.8863389896107006 0.910007835084713 0.6989564368929934 0.8922281321466697 
309.0 0.887650995811678 0.9109888557743748 0.7008963403329084 0.8934703056184301 
310.0 0.8889572739762622 0.9119658764541001 0.7028355441070604 0.8947058327084293 
311.0 0.8902578096773287 0.9129389008961809 0.7047740450360345 0.8959387403260837 
312.0 0.8915525881343083 0.9139079324927547 0.7067118398779756 0.8971642252081461 
313.0 0.8928415942089657 0.9148729742514038 0.708648925327445 0.8983846148654606 
314.0 0.8941248124010625 0.9158340287905725 0.7105852980142418 0.8996023576837707 
315.0 0.8954022268439012 0.9167910983347987 0.7125209545021927 0.9008109955299537 
316.0 0.8966738212997505 0.9177441847097504 0.7144558912878993 0.9020160768304601 
317.0 0.8979395791551485 0.9186932893370687 0.7163901047994572 0.9032178025719335 
318.0 0.8991994834160806 0.9196384132290051 0.7183235913951318 0.9044101072096791 
319.0 0.900453516703028 0.920579556982854 0.7202563473619951 0.9055996950661587 
320.0 0.901701661245889 0.9215167207751687 0.7221883689145239 0.906784366016764 
321.0 0.9029438988787644 0.9224499043557602 0.7241196521931533 0.9079610183337529 
322.0 0.9041802110346079 0.9233791070414691 0.72605019326279 0.9091349128522282 
323.0 0.9054105787397375 0.9243043277097057 0.7279799881112761 0.9103023629433856 
324.0 0.9066349826082047 0.9252255647917517 0.7299090326478123 0.9114631532538866 
325.0 0.9078534028360181 0.9261428162658167 0.7318373227013263 0.9126211390538257 
326.0 0.9090658191952194 0.927056079649842 0.733764854018797 0.9137711986551985 
327.0 0.9102722110278065 0.9279653519940447 0.7356916222635222 0.9149159013549828 
328.0 0.9114725572395034 0.9288706298731938 0.7376176230133349 0.9160577468519218 
329.0 0.91266683629337 0.9297719093786126 0.7395428517587662 0.91719024296561 
330.0 0.9138550262032511 0.9306691861098962 0.7414673039011447 0.9183186157905641 
331.0 0.9150371045270599 0.9315624551663383 0.7433909747506429 0.9194440724397505 
332.0 0.9162130483598914 0.9324517111380568 0.7453138595242563 0.9205588289471034 
333.0 0.9173828343269643 0.9333369480968103 0.7472359533437215 0.9216706121916011 
334.0 0.9185464385763853 0.9342181595864957 0.749157251233365 0.922778296359713 
335.0 0.9197038367717332 0.9350953386133177 0.7510777481178846 0.9238762516630242 
336.0 0.9208550040844593 0.9359684776356193 0.7529974388200597 0.9249711673566127 
337.0 0.9219999151860977 0.9368375685533634 0.7549163180583824 0.9260608996005212 
338.0 0.9231385442402843 0.937702602697256 0.7568343804446162 0.927141766892438 
339.0 0.9242708648945792 0.9385635708174981 0.7587516204812703 0.9282195179334397 
340.0 0.9253968502720875 0.9394204630721551 0.7606680325589922 0.9292911202888463 
341.0 0.9265164729628748 0.940273269015135 0.762583610953871 0.9303545898616042 
342.0 0.9276297050151743 0.941121977583758 0.7644983498246527 0.931414859106305 
343.0 0.928736517926379 0.9419665770859098 0.7664122432098569 0.9324681524907459 
344.0 0.9298368826338155 0.9428070551867626 0.7683252850247991 0.9335138939996962 
345.0 0.9309307695052962 0.9436433988950514 0.7702374690585089 0.9345563433058477 
346.0 0.9320181483294431 0.9444755945488943 0.7721487889705413 0.9355911482695669 
347.0 0.9330989883057802 0.945303627801136 0.7740592382876762 0.9366188097416325 
348.0 0.9341732580345906 0.9461274836042085 0.7759688104005044 0.9376430789650615 
349.0 0.9352409255065315 0.9469471461944867 0.7778774985598904 0.9386592166153559 
350.0 0.9363019580920047 0.9477625990761285 0.7797852958733104 0.9396684234076705 
351.0 0.9373563225302785 0.9485738250043787 0.7816921953010589 0.9406741293508161 
352.0 0.9384039849183533 0.9493808059683262 0.7835981896523173 0.9416714224913789 
353.0 0.9394449106995718 0.9501835231730926 0.7855032715810794 0.9426617761982603 
354.0 0.9404790646519643 0.9509819570214372 0.7874074335819293 0.9436485115094225 
355.0 0.9415064108763285 0.9517760870947607 0.789310667985659 0.9446267860482175 
356.0 0.9425269127840394 0.9525658921334902 0.7912129669547265 0.9455978633543176 
357.0 0.9435405330845836 0.9533513500168246 0.7931143224785417 0.9465651953762579 
358.0 0.9445472337728169 0.9541324377418244 0.795014726368573 0.9475242820717177 
359.0 0.9455469761159396 0.9549091314018258 0.796914170253267 0.9484756335486428 
360.0 0.946539720640189 0.9556814061641572 0.7988126455727746 0.9494231031148053 
361.0 0.9475254271172437 0.9564492362471428 0.8007101435734687 0.9503628397524939 
362.0 0.9485040545503403 0.9572125948963683 0.8026066553022502 0.9512939885952374 
363.0 0.9494755611600966 0.9579714543601919 0.8045021716006274 0.9522211087711501 
364.0 0.9504399043700457 0.9587257858644774 0.8063966830985607 0.9531413428942052 
365.0 0.9513970407918741 0.9594755595865303 0.8082901802080591 0.9540517835921508 
366.0 0.9523469262103684 0.9602207446282155 0.810182653116516 0.9549580383582738 
367.0 0.9532895155680681 0.9609613089882344 0.8120740917797749 0.9558586307191773 
368.0 0.9542247629496285 0.9616972195335435 0.8139644859149071 0.9567478276538391 
369.0 0.9551526215658942 0.9624284419698902 0.8158538249926884 0.9576326705238827 
370.0 0.9560730437376878 0.9631549408114485 0.8177420982297616 0.9585130979286943 
371.0 0.9569859808793175 0.9638766793495326 0.8196292945804632 0.9593808854465016 
372.0 0.9578913834818121 0.96459361962037 0.8215154027283031 0.9602437380114892 
373.0 0.9587892010958864 0.965305722371915 0.8234004110770741 0.9611019900142221 
374.0 0.9596793823146521 0.9660129470296851 0.8252843077415739 0.9619496798236286 
375.0 0.9605618747560808 0.9667152516616029 0.827167080537919 0.9627899302057541 
376.0 0.961436625045234 0.9674125929418296 0.8290487169734257 0.9636253831940689 
377.0 0.9623035787962764 0.968104926113575 0.8309292042360373 0.9644528959840932 
378.0 0.9631626805942902 0.9687922049508736 0.8328085291832715 0.9652698971742105 
379.0 0.9640138739769119 0.9694743817193163 0.834686678330661 0.9660818921996713 
380.0 0.964857101415815 0.9701514071357327 0.836563637839656 0.9668887981645518 
381.0 0.9656923042980695 0.9708232303268193 0.8384393935049652 0.9676822558030297 
382.0 0.9665194229074081 0.9714897987867144 0.8403139307412927 0.9684700968525796 
383.0 0.9673383964054365 0.9721510583335248 0.8421872345694441 0.9692526213266215 
384.0 0.9681491628128313 0.9728069530648138 0.8440592896017604 0.9700255989178878 
385.0 0.9689516589905708 0.9734574253120644 0.8459300800268392 0.9707885509850415 
386.0 0.9697458206212546 0.9741024155941428 0.8477995895935025 0.9715459467377169 
387.0 0.9705315821905719 0.9747418625697872 0.8496678015939634 0.9722976857271445 
388.0 0.9713088769689877 0.9753757029891642 0.8515346988461425 0.9730357956077595 
389.0 0.9720776369937232 0.9760038716445361 0.8534002636750811 0.9737672744001545 
390.0 0.9728377930511195 0.9766263013201002 0.8552644778933951 0.9744928374853545 
391.0 0.9735892746594803 0.9772429227410714 0.8571273227807041 0.9752103784389944 
392.0 0.9743320100525048 0.9778536645220908 0.8589887790619768 0.9759151085144755 
393.0 0.9750659261634331 0.9784584531150637 0.8608488268847133 0.9766136523426586 
394.0 0.9757909486100426 0.9790572127565461 0.8627074457948937 0.9773058905053372 
395.0 0.9765070016806491 0.979649865414819 0.8645646147116075 0.9779879861331005 
396.0 0.9772140083212865 0.9802363307368135 0.866420311900274 0.9786586214133162 
397.0 0.9779118901242578 0.9808165259950781 0.8682745149443564 0.9793226623947952 
398.0 0.9786005673182737 0.9813903660350042 0.8701272007154667 0.9799799774917826 
399.0 0.9792799587604212 0.9819577632225654 0.8719783453417472 0.9806263086381439 
400.0 0.979949981930231 0.9825186273928577 0.8738279241744019 0.9812612037757124 
401.0 0.9806105529261477 0.9830728657997746 0.8756759117522488 0.981889067925988 
402.0 0.9812615864647378 0.9836203830671979 0.8775222817641452 0.982509757218653 
403.0 0.9819029958830143 0.9841610811421355 0.8793670070091267 0.98312016530848 
404.0 0.9825346931442963 0.9846948592503029 0.8812100593540911 0.9837175685236821 
405.0 0.9831565888480763 0.9852216138547094 0.8830514096888321 0.9843074782471517 
406.0 0.983768592244418 0.9857412386178882 0.8848910278782272 0.9848897386484291 
407.0 0.9843706112534717 0.9862536243684938 0.8867288827113459 0.9854641885298437 
408.0 0.9849625524907608 0.9867586590730896 0.8885649418472383 0.986022370880544 
409.0 0.9855443212989741 0.9872562278140534 0.8903991717571338 0.9865724500715493 
410.0 0.9861158217870755 0.9877462127746537 0.8922315376627514 0.9871143857823375 
411.0 0.9866769568776496 0.9882284932324829 0.8940620034703999 0.9876480058958996 
412.0 0.9872276283634976 0.9887029455625893 0.8958905317005111 0.9881703797029767 
413.0 0.9877677369746269 0.9891694432518211 0.8977170834122085 0.9886786605957234 
414.0 0.9882971824569035 0.9896278569260861 0.89954161812248 0.9891782935949794 
415.0 0.9888158636637928 0.9900780543924492 0.9013640937194737 0.9896690978976114 
416.0 0.9893236786627769 0.9905199006982284 0.9031844663693834 0.9901508877373976 
417.0 0.9898205248582231 0.9909532582095205 0.9050026904163356 0.9906212205393657 
418.0 0.9903062991326907 0.991377986711889 0.9068187182746218 0.9910765001548685 
419.0 0.9907808980088917 0.9917939435362795 0.9086325003125478 0.9915224461604967 
420.0 0.991244217834783 0.9922009837136055 0.9104439847270882 0.9919588687520426 
421.0 0.9916961549945562 0.9925989601618593 0.9122531174084358 0.9923855742348093 
422.0 0.9921366061486149 0.992987723910063 0.914059841793435 0.9928023652616095 
423.0 0.9925654685059841 0.993367124363888 0.9158640987067569 0.9932041042009981 
424.0 0.9929826401329993 0.9937370096183291 0.917665826188541 0.9935931022616569 
425.0 0.9933880203025579 0.9940972268234408 0.919464959307062 0.9939719179277969 
426.0 0.9937815098887054 0.9944476226098192 0.9212614299547971 0.9943403601840597 
427.0 0.9941630118118634 0.9947880435812524 0.9230551666260604 0.99469823693749 
428.0 0.9945324315405913 0.9951183368827593 0.9248460941741177 0.9950453556877793 
429.0 0.9948896776564184 0.9954383508531001 0.9266341335454198 0.99538103886764 
430.0 0.9952346624889699 0.9957479357717505 0.9284192014882567 0.9956991895528107 
431.0 0.9955673028293641 0.9960469447113001 0.9302012102327535 0.996006440998694 
432.0 0.9958875207306443 0.9963352345072259 0.9319800671386798 0.9963026264748189 
433.0 0.9961952444048432 0.9966126668580028 0.9337556743070201 0.9965875839499286 
434.0 0.9964904092271368 0.9968791095694991 0.9355279281506341 0.9968611574986069 
435.0 0.9967729588584011 0.9971344379585345 0.9372967189186054 0.997123198899119 
436.0 0.9970428464983151 0.9973785364312759 0.9390619301680145 0.9973735694424147 
437.0 0.99730003628191 0.997611300252742 0.9408234381758459 0.997611300252742 
438.0 0.9975445048330731 0.9978326375239552 0.9425811112825082 0.9978326375239552 
439.0 0.9977762429888956 0.9980424713830789 0.9443348091569773 0.9980424713830789 
440.0 0.9979952577087742 0.998240742445994 0.9460843819717997 0.998240742445994 
441.0 0.9982015741816753 0.9984274114999613 0.9478296694740447 0.9984274114999613 
442.0 0.9983952381437172 0.9986024624609177 0.9495704999356815 0.9986024624609177 
443.0 0.9985763184159314 0.9987659056001622 0.9513066889636664 0.9987659056001622 
444.0 0.9987449096683376 0.998917781039125 0.9530380381460897 0.998917781039125 
445.0 0.9989011354108009 0.9990581625009051 0.954764333505874 0.9990581625009051 
446.0 0.9990451512029068 0.9991871612934643 0.9564853437274583 0.9991871612934643 
447.0 0.9991771480634601 0.9993049304807453 0.9582008181143158 0.9993049304807453 
448.0 0.999297356044207 0.9994116691733517 0.9599104842255718 0.9994116691733517 
449.0 0.9994060479107718 0.9995076268384321 0.9616140451278121 0.9995076268384321 
450.0 0.9995035428451855 0.9995931074876127 0.9633111761825481 0.9995931074876127 
451.0 0.9995902100472075 0.9996684735508641 0.9650015212696214 0.9996684735508641 
452.0 0.9996664720642976 0.9997341491820531 0.9666846883204739 0.9997341491820531 
453.0 0.9997328076212391 0.9997906226684444 0.9683602440004927 0.9997906226684444 
454.0 0.9997897536493527 0.9998384475330687 0.9700277073333845 0.9998384475330687 
455.0 0.9998379061328071 0.9998782418300054 0.9716865419982328 0.9998782418300054 
456.0 0.9998779192992533 0.9999106850473538 0.9733361469448868 0.9999106850473538 
457.0 0.9999105025921303 0.9999365119673643 0.9749758448558151 0.9999365119673643 
458.0 0.9999364147880682 0.9999565028148358 0.976604867817642 0.9999565028148358 
459.0 0.9999564545913852 0.9999714690944916 0.9782223393303973 0.9999714690944916 
460.0 0.9999714470900231 0.9999822347331954 0.9798272514410904 0.9999822347331954 
461.0 0.9999822256524253 0.9999896125758597 0.9814184352826852 0.9999896125758597 
462.0 0.999989609258151 0.9999943770095666 0.9829945225344681 0.9999943770095666 
463.0 0.9999943759658754 0.9999972345529632 0.984553894133095 0.9999972345529632 
464.0 0.9999972342805465 0.9999987955932094 0.986094610671322 0.9999987955932094 
465.0 0.9999987955371157 0.9999995518165808 0.9876143158076387 0.9999995518165808 
466.0 0.9999995518080894 0.99999986465636 0.9891100986982001 0.99999986465636 
467.0 0.9999998646555064 0.9999999692919844 0.9905782920145227 0.9999999692919844 
468.0 0.9999999692919355 0.9999999953606963 0.992014164462501 0.9999999953606963 
469.0 0.9999999953606951 0.9999999996181664 0.9934114317772239 0.9999999996181664 
470.0 0.9999999996181664 0.9999999999880591 0.9947614359426198 0.9999999999880591 
471.0 0.9999999999880591 0.9999999999999308 0.9960516704108233 0.9999999999999308 
472.0 0.9999999999999308 1.0 0.9972628846008802 1.0 
473.0 1.0 1.0 0.9983626790180762 1.0 
474.0 1.0 1.0 0.9992888181552688 1.0 
475.0 1.0 1.0 1.0 1.0 
476.0 1.0 1.0 1.0 1.0 
477.0 1.0 1.0 1.0 1.0 
478.0 1.0 1.0 1.0 1.0 
479.0 1.0 1.0 1.0 1.0 
480.0 1.0 1.0 1.0 1.0 
481.0 1.0 1.0 1.0 1.0 
482.0 1.0 1.0 1.0 1.0 
483.0 1.0 1.0 1.0 1.0 
484.0 1.0 1.0 1.0 1.0 
485.0 1.0 1.0 1.0 1.0 
486.0 1.0 1.0 1.0 1.0 
487.0 1.0 1.0 1.0 1.0 
488.0 1.0 1.0 1.0 1.0 
489.0 1.0 1.0 1.0 1.0 
490.0 1.0 1.0 1.0 1.0 
491.0 1.0 1.0 1.0 1.0 
492.0 1.0 1.0 1.0 1.0 
493.0 1.0 1.0 1.0 1.0 
494.0 1.0 1.0 1.0 1.0 
495.0 1.0 1.0 1.0 1.0 
496.0 1.0 1.0 1.0 1.0 
497.0 1.0 1.0 1.0 1.0 
498.0 1.0 1.0 1.0 1.0 
499.0 1.0 1.0 1.0 1.0 
500.0 1.0 1.0 1.0 1.0 
